 53 16 
 24 48 
 99 16 
 65 13 
 100 27
 46 62
 40 65 
 29 11 
 50 18 
 25 46 
 100 74 
 41 63 
 93 27 
 33 21 
 97 79 
 67 30 
 24 74 
 23 77 
 20 53 
 79 39 
 74 79 
 88 93 
 63 44 
 10 42 
 69 57 
 23 20 
 30 76 
 13 49 
 93 95 
 77 32 
 33 20 
 53 92 
 67 13 
 31 24 
 62 14 
 94 46 
 58 15 
 76 14 
 77 36 
 55 53 
 75 78 
 81 98 
 58 23 
 68 25 
 15 91 
 99 36 
 96 48 
 58 61 
 26 87 
 86 74 
 21 69 
 84 62 
 84 71 
 17 91 
 77 45 
 49 88 
 88 75 
 18 73 
 83 82 
 58 39 
 62 67 
 70 64 
 79 60 
 91 89 
 57 16 
 74 85 
 92 27 
 27 38 
 73 18 
 95 81 
 39 13 
 45 23 
 85 14 
 69 73 
 41 92 
 42 88 
 21 23 
 62 51 
 52 18 
 22 88 
 43 99 
 76 33 
 54 99 
 26 99 
 40 53 
 60 100 
 84 14 
 14 35 
 78 41 
 21 52 
 59 48 
 91 84 
 38 35 
 52 10 
 87 96 
 49 10 
 94 76 
 98 86 
 99 16 
 64 60 
 79 75 
 33 89 
 65 84 
 91 68 
 48 84 
 70 93 
 76 67 
 39 72 
 64 70 
 16 28 
 90 97 
 38 47 
 89 55 
 85 38 
 24 51 
 56 57 
 71 69 
 62 95 
 27 17 
 58 42 
 22 37 
 39 58 
 23 64 
 18 62 
 28 48 
 87 35 
 87 55 
 70 46 
 83 25 
 52 98 
 41 20 
 21 51 
 11 15 
 73 63 
 83 50 
 95 71 
 92 27 
 68 39 
 28 65 
 15 35 
 54 60 
 95 66 
 34 58 
 46 15 
 95 87 
 44 36 
 99 55 
 25 24 
 12 28 
 95 42 
 64 51 
 65 54 
 70 17 
 48 75 
 29 68 
 55 24 
 80 37 
 82 70 
 51 25 
 46 39 
 62 23 
 79 19 
 44 81 
 48 55 
 83 23 
 29 86 
 20 18 
 61 13 
 15 52 
 44 94 
 93 98 
 52 83 
 54 45 
 84 52 
 72 17 
 79 49 
 73 95 
 40 48 
 61 45 
 48 46 
 59 56 
 43 26 
 10 72 
 66 28 
 62 97 
 60 92 
 51 89 
 21 66 
 36 74 
 39 39 
 90 37 
 66 69 
 55 73 
 32 74 
 48 49 
 14 16 
 33 83 
 31 62 
 37 17 
 66 86 
 62 22 
 47 38 
 50 10 
 93 82 
 19 76 
 36 62 
 67 18 
 18 90 
 40 15 
 14 48 
 45 85 
 14 47 
 22 49 
 81 33 
 23 50 
 31 94 
 66 93 
 95 38 
 92 35 
 10 90 
 14 43 
 58 28 
 36 44 
 80 55 
 76 37 
 39 91 
 49 47 
 76 28 
 96 46 
 99 34 
 58 55 
 63 16 
 87 32 
 11 38 
 96 82 
 48 11 
 26 69 
 59 82 
 82 38 
 33 19 
 92 96 
 13 26 
 23 45 
 34 67 
 47 80 
 38 20 
 12 28 
 82 24 
 23 20 
 65 12 
 11 28 
 99 68 
 42 51 
 43 36 
 90 24 
 93 93 
 81 96 
 33 78 
 66 89 
 29 41 
 62 76 
 99 35 
 52 20 
 42 21 
 91 95 
 38 77 
 65 57 
 83 71 
 91 22 
 83 82 
 50 41 
 71 56 
 86 51 
 28 32 
 49 84 
 73 68 
 31 61 
 73 63 
 91 46 
 46 97 
 31 52 
 28 30 
 44 55 
 11 94 
 22 91 
 16 25 
 32 80 
 69 32 
 34 94 
 41 14 
 50 34 
 87 31 
 74 61 
 45 12 
 52 31 
 23 73 
 38 66 
 25 95 
 76 19 
 43 62 
 52 60 
 34 44 
 71 89 
 88 89 
 25 95 
 88 50 
 29 93 
 80 93 
 43 88 
 94 48 
 18 69 
 50 30 
 50 28 
 73 48 
 13 90 
 55 27 
 20 66 
 33 20 
 62 89 
 13 82 
 79 24 
 48 89 
 55 98 
 42 65 
 66 51 
 23 73 
 65 61 
 26 99 
 28 86 
 79 40 
 53 25 
 40 42 
 28 86 
 70 54 
 96 93 
 95 78 
 90 67 
 91 29 
 45 13 
 81 31 
 93 60 
 29 28 
 96 21 
 76 79 
 49 20 
 42 91 
 56 50 
 81 98 
 40 29 
 78 28 
 46 42 
 97 53 
 22 53 
 72 10 
 31 61 
 44 87 
 92 41 
 25 15 
 38 27 
 94 93 
 41 81 
 15 14 
 33 77 
 63 40 
 79 63 
 65 10 
 70 94 
 77 78 
 98 19 
 53 75 
 28 92 
 74 98 
 19 34 
 25 52 
 59 71 
 40 52 
 11 29 
 24 97 
 15 26 
 87 25 
 70 83 
 32 51 
 15 26 
 90 28 
 15 57 
 79 88 
 67 58 
 25 53 
 25 97 
 92 74 
 96 63 
 93 41 
 68 41 
 64 70 
 95 90 
 66 67 
 61 81 
 36 11 
 14 24 
 53 37 
 11 74 
 50 29 
 36 95 
 50 50 
 82 76 
 72 66 
 75 99 
 77 24 
 76 67 
 19 46 
 22 61 
 87 49 
 35 62 
 25 19 
 50 67 
 40 98 
 61 21 
 75 98 
 77 92 
 14 44 
 81 66 
 76 89 
 63 75 
 28 35 
 89 95 
 56 95 
 48 60 
 26 59 
 28 69 
 44 15 
 39 33 
 79 75 
 97 55 
 53 82 
 96 66 
 16 62 
 87 78 
 43 36 
 94 71 
 11 71 
 34 24 
 16 89 
 40 35 
 21 81 
 47 88 
 89 74 
 56 69 
 67 27 
 63 66 
 45 28 
 59 28 
 17 14 
 43 44 
 38 21 
 87 33 
 47 96 
 15 23 
 45 30 
 34 18 
 18 19 
 14 74 
 43 17 
 87 45 
 10 29 
 26 12 
 25 24 
 16 37 
 27 96 
 99 73 
 97 84 
 74 69 
 43 43 
 35 21 
 18 20 
 50 91 
 48 47 
 62 70 
 31 34 
 68 70 
 53 39 
 74 69 
 65 29 
 19 34 
 43 72 
 13 36 
 83 19 
 24 36 
 29 72 
 90 64 
 72 69 
 25 25 
 38 75 
 88 25 
 34 63 
 35 99 
 97 47 
 89 36 
 79 58 
 47 86 
 87 74 